7
A   0   29  999 999 999 10  999
B   29  0   16  999 999 999 15
C   999 16  0   12  999 999 999
D   999 999 12  0   22  999 10
E   999 999 999 22  0   27  25
F   10  999 999 999 27  0   999
G   999 15  999 10  25  999 0
